1816011541
1601563722
1249159055
1237869662
1195031270
1635764393
1444865141
1706987705
1263406744
1299532580
1211598953
1198367585
1188552450
2134671703
1191262305
1401921941
1142648704
1980547921
1225419417
1263387643
1497390470
1863792930
1193258161
1371675920
1651459561
2240194360
1265965213
1820578701
1496070307
1228945514
1454884585
2373564081
1643954857
1557797092
1647375747
1759168351
1217330363
1195201334
1646446167
1632067682
1286189071
1182415487
1657239733
1578282541
1195883527
1198213514
1295718153
1191258123
1198608555
1497878455
2461535184
1660895525
1221707263
1049198655
1633662514
1698243607
2661298691
1422308692
1443511045
1197362373
1586261253
1738933752
3062287903
1217261134
1076186033
1198474965
1686777210
1191258655
2050302700
1162178432
1648997937
1218015025
1402138343
1431680140
1652678204
1708309817
1341689145
1741718594
1219689025
1757115873
1222430350
1401409810
1894091913
1193210930
1063890337
1213328234
1463707815
1678351712
1195301385
1645826702
1907616172
1752595080
2424389775
1585922627
1988242511
1672097180
1250741203
1647865744
1665372775
1737847545