1640571365
1187986757
1649005320
1729041671
1194868525
1250041105
1352130183
2009371435
1995801167
2175338034
1197151844
1708643783
1173360372
1219494175
1281156091
1524264517
1772752875
1280110097
1510963557
1892680923
1481638480
2601690847
1845675654
1093622153
1890711990
1879326192
1210520227
1446847653
1445937283
1240901011
1432482114
2063540952
1745395767
1932619445
1098736570
2341786404
1228151340
1214686260
1896697435
1920535861
1776994812
2271643410
1211885680
1800850901
1497042545
1915845987
2185450707
1769544670
2476614432
1744900995
2056329992
2028895724
1710221044
1776361441
1301104761
1778542151
1880091177
1676133907
1393621315
1834678844
1227125192
2654510463
1698148492
1294978291
2236183674
1615743707
2708746237
1912869365
1653552550
2057070473
1623189552
1885570047
1436622734
1932087257
1238141300
1719675453
1427412531
1601422052
1258941120
1910830194
1666978981
1233628161
1837869620
1587303135
1743295773
1667434994
2299191587
1295674790
1221171697
1198392970
1295609983
1748019141
1652867473
1585354514
1866538531
1224623833
1605052390
1835844063
1220862142