1793285524
1266286555
1266321801
1087770692
1265020392
1192515960
1195242865
1722594714
1494848464
1608574203
1742121542
2103206685
1752467960
1195354434
1764523734
1719712824
2289674265
1680313495
1196235387
1263498570
1741069204
1197931472
1191044977
1730726637
1656809190
1245758104
1731972042
1223762662
1228486722
1730330447
1826052983
1191220232
1261700994
1892464897
1742741072
1592911662
1235576307
1730454584
1784537661
1254123322
1262456801
1345566427
1773283005
1763582395
2302663124
1676582524
1223179064
1574684061
1212812142
1826513532
1234692083
1515817390
1214435497
1316949123
1642630543
1752502537
2746203844
2187260541
1345467925
1705586121
1320135280
1195210033
1751035982
3100185195
1707679453
1230663070
2672331597
1211628752
1262486753
1361074815
1312412824
1581391477
1295950295
1778742953
1340406064
1244829331
1751309223
2006277991
1238808414
1237530023
1755370981
1681213010
1259193624
1712539910
1687429295
1563815015
1660399951
1717675430
1378915695
1517934944
1252036043
1739928273
1744825334
1634785555
2577139143
1235733075
3125046087
1730336902
1490372962
1707178184