1344360230
1275017594
1740006601
1617902267
1642351362
1762509182
1197071940
1263585717
1749964961
1197199510
1680990025
1604363024
1614137095
2068795981
2004667941
1705338574
1196624615
1713961440
1686709997
1651422324
1731285993
1899758880
1719481457
1582503620
2469167903
1971802273
1582160525
1838144771
1197069394
1496867634
1081273845
1746301153
1213452333
1775644157
1280761142
1667575473
1827730470
1195224593
1350995007
2644950202
1752494900
1688041835
1197001922
2617901127
1702275522
1703704777
1769333595
1212642787
1193258875
1688213071
1216598840
2576582941
1775941687
1237313773
1712831753
1611215014
1359467914
1750403737
1236988370
1864605465
1790575847
1780449083
1230707503
1216388157
1242159260
1673964327
1769273820
1729370543
1870538824
1739399122
2865030202
1248382865
2380805962
1703612533
1701887397
1213058731
1596409212
1553328434
1549362863
1133549870
1852618004
1656565920
1643200985
1596103295
2099221291
1391783845
1803553017
1678565893
1672586110
1667274237
1789362170
1290700430
1220970732
1661347232
1659490917
1625182743
1248351970
2120986582
1723291702
2259269925