1813080181
1197161814
1701401324
1215031834
1249424622
1495033135
1410448443
1721825977
1483330984
1195818302
1197890497
1298064414
1729853157
1889213710
1657464934
1662429125
1284032347
1222713954
1404214752
1380265057
1405463773
1042026447
2244733937
2710739767
1895570203
1424710994
1435160552
1813482925
2799368122
1298535315
1221895385
1628525735
1684388950
1252699553
2743211753
1803814487
1964959441
1974945511
1805720140
2537274757
1827370530
1459277820
1405906767
1285020581
1198442164
1650569064
1288764341
1679602805
2728126357
1726602910
1660127072
1104503584
1079614982
1928962635
1218525071
1787941741
1650337752
1270765883
1445403190
2770605011
1401081891
2693848133
1593165014
1558226504
1401563867
1363695267
1095240537
1495332165
1678215552
2367392191
1798729361
1578818417
1291592332
1815214651
2539153613
1276411190
1238712252
1211397734
1331717915
1243477063
1896820725
1282871591
1766575621
2262263940
1800611161
1751124681
1227627711
2329878550
2672680711
1350947532
1651799795
1434387020
1303154437
2243739132
1756881315
1216826604
1812885040
2368682673
1805464273
1782705647