1195230310
1192329374
1282005885
1255849511
1198920804
1670697373
1220924217
1692544657
1671342103
1233536692
1362607654
1198251274
1496825941
1358776365
1664207987
1642326133
2619184643
1189615035
1717175282
1210558765
1496850204
1610536214
1220926753
1189591617
1706372681
1189729754
1662766362
1712295232
1029374230
1470110647
1036663592
1704116960
1644051882
1735047885
1218869573
1758061625
1497176560
1989660417
1217743083
1644419370
1338738570
1700757973
1053953693
1710546672
1413971423
1661598840
1644461042
1669763744
1561015262
1850396185
1640376730
1253531973
1501634660
1674758845
1687198333
1779875541
1152902673
1647497355
2750214067
1804033411
1653714227
1178300282
1190953227
1212278571
1396715380
1641498391
1496877880
2090591961
1315469422
1219952281
1338667624
2092902070
1402828774
1003763994
1222601781
1761047370
1664321624
2165259481
1801055875
1496853872
1763251165
1236392942
1684502353
1641428154
1644492510
1641545285
1666680885
1593933550
1649189521
1684232061
1225907163
1282282193
1404927945
1156966391
1195347197
1446475417
1718714652
1243861097
1584255432
1420862042