1380274560
1746274673
1683814612
2264358493
1878546883
2671615357
2157238653
1862974331
1929655555
1859353001
1859363691
2203023924
1764105342
1652850891
1840987625
2106855375
1665973995
1859674134
2018220685
271616792
1911361075
1743323993
1750270991
1735538085
1895567845
1247685455
1887447100
1303599847
2094902981
1785819763
1604179804
1565528101
1797326783
1730899800
1661877547
1726616225
2258248407
1792617865
1739214784
2153928381
1170467832
2764013351
1928240144
1661938815
1803658131
1834628251
1449961724
1741662732
1303190400
1496864063
1862606724
1132891981
1010956892
1884616407
1530239792
1460570074
1548592460
1838629011
1877967664
1846880043
1263762522
1642046597
1762525932
1814322975
1840441844
1510126321
1271546254
2149848535
1859651060
1541385821
1919014323
1828703165
1221530313
3079950913
1910062957
1928745414
1687232190
1281928792
1249622393
1229884532
1905077071
2179825195
1687350764
1263658763
1822225630
1421043544
1428240977
2075686772
1766938004
1668576570
2308438637
1846904563
1527202452
1465136035
1661987395
1858671422
1648844612
2155202415
1863010390
1991769641