1742566624
1708942053
1639127253
1737694433
1705180884
1494720324
1717257814
1652811601
1997544897
1749127163
1900093822
2537882762
1890124614
1670071920
1726544024
1923210664
1004524612
1756644751
1647678107
1195910797
1228089987
1100856704
1347949163
1900093290
1765099943
1321674855
1707642567
1197863207
1658187530
1496846867
1734741902
1577826897
1104150515
1649155730
1362766720
1645171780
1656818114
1665232543
1878923963
1860096194
2489295964
1458028210
2235685314
1805609982
1687297134
1771269093
1629966190
1092493017
1876792387
1768340073
1722052204
1282099224
2244925365
1396927662
2043836390
1554710050
1622480237
2202311361
1648664373
2317523915
2145291155
2658829934
1655476125
1582488432
1831348402
2675602984
1748731071
1693789511
1402551940
1686830902
2093001685
1715845153
1494908203
1639529981
2539242017
1497248774
1641287674
1736042541
1683299344
1355610915
1759084801
1003716184
1400229064
1918628847
1741625493
1494759712
1481944214
2114780760
1642749707
1686233063
1310872334
1724187070
1560442584
1455643221
1641550843
1471234522
1417190052
1721371132
1923663714
1401880315